940285360
0
0
0
0
0
0
0
0
0
0
0
0
0
0
0
0
0
0
0
0
0
0
0
0
0
0
0
0
0
0
0
0
0
0
0
0
0
0
0
0
f0
a
40
0
0
0
0
0
0
0
0
0
0
0
0
0
50
75
40
0
0
0
0
0
0
0
0
0
0
0
0
0
c0
23
53
f6
7f
0
0
0
64
f3
7e
a2
7f
0
0
0
0
0
0
0
0
0
0
0
0
0
0
0
0
0
0
0
0
0
0
0
0
0
0
0
0
0
0
0
0
0
0
0
0
0
0
0
0
0
0
0
0
0
0
0
0
0
0
0
0
0
0
0
0
0
0
0
0
0
0
0
0
0
0
0
0
0
0
0
0
0
0
0
0
0
0
0
0
0
0
0
0
0
0
0
0
0
0
0
0
0
0
0
0
0
0
0
0
0
0
0
0
0
0
0
0
0
0
0
0
0
0
0
0
0
0
0
0
0
0
0
0
0
0
0
0
0
0
0
0
0
0
0
0
0
0
0
0
0
0
0
0
0
0
0
0
0
0
0
0
0
0
0
0
0
0
0
0
0
0
0
0
0
0
0
0
0
0
0
0
0
0
0
0
0
0
0
0
0
0
0
0
0
0
0
0
0
0
0
0
0
0
0
0
0
0
0
0
0
0
0
0
0
0
0
0
0
0
0
0
0
0
0
0
0
0
0
0
0
0
0
0
0
0
0
0
0
0
0
0
0
0
0
0
0
0
0
0
0
0
0
0
0
0
0
0
0
0
0
0
0
0
0
0
0
0
0
0
0
0
0
0
0
0
0
0
0
0
0
0
0
0
0
0
0
0
0
0
0
0
0
0
0
0
0
0
0
0
0
0
0
0
0
0
0
0
0
0
0
0
0
0
0
0
0
0
0
0
0
0
0
0
0
0
0
0
0
0
0
0
0
0
0
0
0
0
0
0
0
0
0
0
0
0
0
0
0
0
0
0
0
0
0
0
0
0
0
0
0
0
0
0
0
0
0
0
0
0
0
0
0
0
0
0
0
0
0
0
0
0
0
0
0
0
0
0
0
0
0
0
0
0
0
0
0
0
0
0
0
0
0
0
0
0
0
0
0
0
0
0
0
0
0
0
0
0
0
0
0
0
0
0
0
0
0
0
0
0
0
0
0
0
0
0
0
0
0
13
0
0
0
0
0
34
ff
12
0
0
0
0
0
34
ff
12
0
0
0
0
0
0
0
0
0
0
0
0
0
5
0
0
0
0
0
0
0
0
0
14
0
0
0
0
0
0
60
14
0
0
0
0
0
80
55
14
0
0
0
0
0
88
92
14
0
0
0
0
0
0
0
13
0
0
0
0
0
3
0
0
0
0
0
0
0
0
0
0
0
0
0
0
0
0
0
0
0
0
0
0
0
0
0
0
0
0
0
0
0
0
0
0
0
0
0
0
0
0
0
0
0
0
0
0
0
0
0
0
0
0
0
0
0
0
0
0
0
0
0
0
0
0
0
0
0
0
0
0
0
0
0
0
0
0
0
0
0
0
0
0
0
0
0
0
0
0
0
0
0
0
0
0
0
0
0
0
0
0
0
0
0
0
0
0
0
0
0
0
0
0
0
0
0
0
0
0
0
0
0
0
0
0
0
0
0
0
0
0
0
0
0
0
0
0
0
0
0
0
0
0
0
0
0
0
0
0
0
0
0
0
0
0
0
0
0
0
0
0
10
1
0
0
0
0
0
d4
f
1
0
0
0
0
0
d4
f
1
0
0
0
0
0
0
13
53
f6
7f
0
0
0
f8
a2
b7
a2
7f
0
0
0
30
94
b9
a2
7f
0
0
0
50
e4
b9
a2
7f
0
0
0
21
0
0
0
0
0
0
0
90
16
2
0
0
0
0
0
b0
13
53
f6
7f
0
0
0
4c
4f
b7
a2
7f
0
0
0
0
0
0
0
0
0
0
0
3
0
0
0
0
0
0
0
0
c0
b9
a2
7f
0
0
0
0
0
0
0
0
0
0
0
2
fe
0
0
0
0
0
0
0
0
0
0
0
0
0
0
b0
13
53
f6
7f
0
0
0
0
57
b7
a2
7f
0
0
0
0
0
0
0
0
0
0
0
3
0
0
0
0
0
0
0
b8
cc
b9
a2
7f
0
0
0
0
0
0
0
0
0
0
0
2
fe
0
0
0
0
0
0
0
57
b7
a2
1
0
0
0
0
0
0
0
0
0
0
0
3
0
0
0
0
0
0
0
b8
cc
b9
a2
7f
0
0
0
0
0
0
0
0
0
0
0
d0
13
53
f6
7f
0
0
0
18
79
b7
a2
7f
0
0
0
f9
61
7e
a2
7f
0
0
0
0
0
0
0
0
0
0
0
95
6
40
0
0
0
0
0
0
0
0
0
0
0
0
0
e0
17
53
f6
7f
0
0
0
b0
b7
b7
a2
7f
0
0
0
d8
1c
53
f6
7f
0
0
0
f9
61
7e
a2
7f
0
0
0
b0
1b
53
f6
7f
0
0
0
30
94
b9
a2
7f
0
0
0
0
90
b8
a2
7f
0
0
0
c0
19
53
f6
7f
0
0
0
0
0
0
0
0
0
0
0
80
9
7e
a2
7f
0
0
0
1
0
0
0
0
0
0
0
f0
1a
53
f6
7f
0
0
0
88
92
91
a2
7f
0
0
0
f0
11
53
f6
7f
0
0
0
0
0
0
0
3
0
0
0
80
13
53
f6
7f
0
0
0
90
7a
b7
a2
7f
0
0
0
0
0
0
0
0
0
0
0
0
0
0
0
0
0
0
0
3
0
0
0
7f
0
0
0
f0
11
53
f6
7f
0
0
0
88
92
14
0
0
0
0
0
31
22
0
0
0
0
0
0
68
e1
b9
a2
7f
0
0
0
8
94
b9
a2
7f
0
0
0
95
6
40
0
0
0
0
0
2
fe
0
0
0
0
0
0
31
22
0
0
0
0
0
0
ed
81
0
0
1
0
0
0
0
0
0
0
0
0
0
0
0
0
0
0
0
0
0
0
0
0
0
0
0
0
0
0
18
77
13
0
0
0
0
0
0
10
0
0
0
0
0
0
c0
9
0
0
0
0
0
0
47
48
5a
65
0
0
0
0
0
87
93
3
0
0
0
0
70
33
5b
5a
0
0
0
0
0
0
0
0
0
0
0
0
f7
a0
16
5b
0
0
0
0
76
7a
14
10
0
0
0
0
0
0
0
0
0
0
0
0
f0
15
53
f6
7f
0
0
0
0
0
0
0
0
0
0
0
40
19
53
f6
7f
0
0
0
b0
b7
b7
a2
7f
0
0
0
d8
1c
53
f6
7f
0
0
0
95
6
40
0
0
0
0
0
b0
1b
53
f6
7f
0
0
0
98
e1
b9
a2
7f
0
0
0
0
90
b8
a2
7f
0
0
0
0
0
0
0
0
0
0
0
0
0
0
0
0
0
0
0
70
5
40
0
0
0
0
0
1
0
0
0
0
0
0
0
b0
1b
53
f6
7f
0
0
0
0
90
b8
a2
7f
0
0
0
80
99
b8
a2
7f
0
0
0
98
e1
b9
a2
7f
0
0
0
0
0
0
0
0
0
0
0
e7
15
53
f6
7f
0
0
0
e8
15
53
f6
7f
0
0
0
f8
15
53
f6
7f
0
0
0
a
0
0
0
0
0
0
0
8
94
b9
a2
7f
0
0
0
0
0
0
0
0
0
0
0
17
16
53
f6
7f
0
0
0
8
94
b9
a2
7f
0
0
0
f0
24
53
f6
7f
0
0
0
40
3
0
0
0
0
0
0
7f
45
4c
46
2
1
1
0
0
0
0
0
0
0
0
0
3
0
b7
0
1
0
0
0
b8
f4
1
0
0
0
0
0
40
0
0
0
0
0
0
0
58
64
13
0
0
0
0
0
0
0
0
0
40
0
38
0
a
0
40
0
4b
0
4a
0
6
0
0
0
5
0
0
0
40
0
0
0
0
0
0
0
40
0
0
0
0
0
0
0
40
0
0
0
0
0
0
0
30
2
0
0
0
0
0
0
30
2
0
0
0
0
0
0
8
0
0
0
0
0
0
0
3
0
0
0
4
0
0
0
40
e
12
0
0
0
0
0
40
e
12
0
0
0
0
0
40
e
12
0
0
0
0
0
1b
0
0
0
0
0
0
0
1b
0
0
0
0
0
0
0
8
0
0
0
0
0
0
0
1
0
0
0
5
0
0
0
0
0
0
0
0
0
0
0
0
0
0
0
0
0
0
0
0
0
0
0
0
0
0
0
34
ff
12
0
0
0
0
0
34
ff
12
0
0
0
0
0
0
0
1
0
0
0
0
0
1
0
0
0
6
0
0
0
80
c
13
0
0
0
0
0
80
c
14
0
0
0
0
0
80
c
14
0
0
0
0
0
0
49
0
0
0
0
0
0
8
86
0
0
0
0
0
0
0
0
1
0
0
0
0
0
2
0
0
0
6
0
0
0
88
3b
13
0
0
0
0
0
88
3b
14
0
0
0
0
0
88
3b
14
0
0
0
0
0
b0
1
0
0
0
0
0
0
b0
1
0
0
0
0
0
0
8
0
0
0
0
0
0
0
4
0
0
0
4
0
0
0
70
2
0
0
0
0
0
0
70
2
0
0
0
0
0
0
70
2
0
0
0
0
0
0
44
0
0
0
0
0
0
0
44
0
0
0
0
0
0
0
4
0
0
0
0
0
0
0
7
0
0
0
4
0
0
0
80
c
13
0
0
0
0
0
80
c
14
0
0
0
0
0
80
c
14
0
0
0
0
0
10
0
0
0
0
0
0
0
78
0
0
0
0
0
0
0
8
0
0
0
0
0
0
0
50
e5
74
64
4
0
0
0
5c
e
12
0
0
0
0
0
5c
e
12
0
0
0
0
0
0
18
53
f6
7f
0
0
0
a8
d9
b7
a2
7f
0
0
0
0
0
0
0
0
0
0
0
37
20
32
20
2f
33
20
2b
31
20
37
38
20
2a
2d
31
35
30
30
20
36
2a
2d
0
88
3b
91
a2
7f
0
0
0
0
0
0
0
0
0
0
0
0
0
0
0
0
0
0
0
d8
1c
53
f6
7f
0
0
0
78
b7
b7
a2
7f
0
0
0
c7
1c
53
f6
7f
0
0
0
c8
1c
53
f6
7f
0
0
0
d0
1c
53
f6
7f
0
0
0
0
0
0
0
0
0
0
0
30
e0
b9
a2
7f
0
0
0
80
33
0
0
0
0
0
0
d0
1c
53
f6
7f
0
0
0
c8
1c
53
f6
7f
0
0
0
c7
1c
53
f6
7f
0
0
0
64
18
53
f6
7f
0
0
0
88
3b
91
a2
7f
0
0
0
f9
61
7e
a2
7f
0
0
0
b0
1b
53
f6
7f
0
0
0
30
94
b9
a2
7f
0
0
0
0
90
b8
a2
7f
0
0
0
c0
19
53
f6
7f
0
0
0
0
0
0
0
0
0
0
0
80
9
7e
a2
7f
0
0
0
1
0
0
0
0
0
0
0
f0
1a
53
f6
7f
0
0
0
0
18
53
f6
7f
0
0
0
98
d9
b7
a2
7f
0
0
0
10
0
88
40
32
8
2a
40
0
18
53
f6
7f
0
0
0
0
0
0
0
0
0
0
0
0
0
0
0
0
0
0
0
0
0
0
0
0
0
0
0
0
0
0
0
0
0
0
0
0
0
0
0
0
0
0
0
0
0
0
0
0
0
0
0
0
0
0
0
0
0
0
0
0
0
0
0
0
0
0
0
0
0
0
8
0
0
11
10
60
19
53
f6
7f
0
0
0
a8
d9
b7
a2
7f
0
0
0
0
0
0
0
0
0
0
0
0
0
0
0
0
0
0
0
f0
1b
53
f6
7f
0
0
0
60
ba
b7
a2
7f
0
0
0
d0
19
53
f6
7f
0
0
0
9c
87
b7
a2
7f
0
0
0
87
f0
96
7c
0
0
0
0
b8
1a
53
f6
7f
0
0
0
5c
3c
7d
a2
7f
0
0
0
30
94
b9
a2
7f
0
0
0
0
c0
b9
a2
7f
0
0
0
0
0
0
0
0
0
0
0
30
94
b9
a2
7f
0
0
0
b8
1a
53
f6
7f
0
0
0
b4
1a
53
f6
7f
0
0
0
0
0
0
0
0
0
0
0
e0
1a
53
f6
7f
0
0
0
60
90
b7
a2
7f
0
0
0
87
f0
96
7c
0
0
0
0
f0
e4
b9
a2
7f
0
0
0
0
0
0
0
0
0
0
0
e7
7
b7
a2
7f
0
0
0
b8
1c
53
f6
7f
0
0
0
88
2
b9
a2
7f
0
0
0
1
0
0
0
0
0
0
0
50
da
b9
a2
7f
0
0
0
80
1b
53
f6
7f
0
0
0
1
0
0
0
0
0
0
0
b0
1b
53
f6
7f
0
0
0
60
19
53
f6
7f
0
0
0
6
0
0
0
0
0
0
0
4
0
0
0
0
0
0
0
0
0
0
0
7f
0
0
0
e8
99
b9
a2
7f
0
0
0
80
1b
53
f6
7f
0
0
0
b8
1a
53
f6
7f
0
0
0
b4
1a
53
f6
7f
0
0
0
28
4
b7
a2
7f
0
0
0
90
1b
53
f6
7f
0
0
0
e7
7
b7
a2
7f
0
0
0
88
2
b9
a2
7f
0
0
0
c2
5b
f2
1
0
0
0
0
90
3c
7d
a2
7f
0
0
0
80
9
7e
a2
7f
0
0
0
0
0
0
0
0
0
0
0
0
0
0
0
0
0
0
0
1
0
0
0
0
0
0
0
0
0
0
0
0
0
0
0
1
0
0
0
0
0
0
0
50
da
b9
a2
7f
0
0
0
f0
1b
53
f6
7f
0
0
0
d8
a9
b7
a2
7f
0
0
0
2
4
0
0
6
0
0
0
2
4
0
0
0
0
0
0
c8
a
b7
a2
7f
0
0
0
0
0
b7
a2
7f
0
0
0
0
c0
b9
a2
7f
0
0
0
98
3
b7
a2
7f
0
0
0
1c
8
b7
a2
7f
0
0
0
28
d0
2
0
0
0
0
0
50
da
b9
a2
7f
0
0
0
28
4
b7
a2
7f
0
0
0
88
74
7e
a2
7f
0
0
0
80
9
7e
a2
7f
0
0
0
1
0
0
0
0
0
0
0
68
74
7e
a2
7f
0
0
0
50
da
b9
a2
7f
0
0
0
f0
e4
b9
a2
7f
0
0
0
0
0
0
0
0
0
0
0
90
1b
53
f6
7f
0
0
0
ff
ff
ff
ff
0
0
0
0
70
85
b9
a2
7f
0
0
0
48
8
7e
a2
7f
0
0
0
30
94
b9
a2
7f
0
0
0
4
0
0
0
0
0
0
0
0
0
0
0
0
0
0
0
1
0
0
0
0
0
0
0
0
0
0
0
0
0
0
0
70
1c
53
f6
7f
0
0
0
d8
f4
b7
a2
7f
0
0
0
f0
1b
53
f6
7f
0
0
0
a0
ac
b7
a2
7f
0
0
0
0
0
0
0
0
0
0
0
0
0
0
0
0
0
0
0
0
1d
53
f6
7f
0
0
0
fc
36
b7
a2
7f
0
0
0
98
e1
b9
a2
7f
0
0
0
1
0
0
0
0
0
0
0
d0
d
b9
a2
7f
0
0
0
30
e0
b9
a2
7f
0
0
0
50
da
b9
a2
7f
0
0
0
1
0
0
0
0
0
0
0
98
e1
b9
a2
7f
0
0
0
0
d0
b9
a2
7f
0
0
0
ff
ff
ff
ff
0
0
0
0
0
c0
b9
a2
7f
0
0
0
80
1c
53
f6
7f
0
0
0
d0
44
b8
a2
7f
0
0
0
0
0
0
0
0
0
0
0
b4
44
b8
a2
7f
0
0
0
0
0
0
0
0
0
0
0
0
0
0
0
0
0
0
0
b8
1c
53
f6
7f
0
0
0
28
d0
b9
a2
7f
0
0
0
90
0
0
0
0
0
0
0
68
6
b7
a2
7f
0
0
0
f0
e4
b9
a2
7f
0
0
0
e0
a
b7
a2
7f
0
0
0
d0
d
b9
a2
7f
0
0
0
48
8
7e
a2
7f
0
0
0
b8
8
b7
a2
7f
0
0
0
28
2
0
0
0
0
0
0
e
0
0
0
0
0
0
0
0
0
0
0
7f
0
0
0
0
1d
53
f6
7f
0
0
0
24
37
b7
a2
7f
0
0
0
98
e1
b9
a2
7f
0
0
0
0
0
0
0
7f
0
0
0
50
1f
53
f6
7f
0
0
0
68
4a
b8
a2
7f
0
0
0
20
ce
b9
a2
7f
0
0
0
40
1b
b7
a2
7f
0
0
0
b8
cc
b9
a2
7f
0
0
0
9
0
0
0
0
0
0
0
40
0
40
0
0
0
0
0
b8
cc
b9
a2
7f
0
0
0
1
0
0
0
0
0
0
0
0
10
0
0
0
0
0
0
e8
48
b8
a2
7f
0
0
0
28
d0
2
0
0
0
0
0
0
0
0
0
0
0
0
0
0
0
0
0
0
0
0
0
0
0
0
0
0
0
0
0
0
0
0
0
0
0
0
0
0
0
0
0
0
0
0
0
0
0
0
0
0
0
0
0
0
0
0
0
0
0
0
0
0
80
b8
a2
7f
0
0
0
0
0
0
0
0
0
0
0
40
e7
b9
a2
7f
0
0
0
0
0
0
0
7f
0
0
0
9
0
0
0
0
0
0
0
d0
d
b9
a2
7f
0
0
0
1
0
0
0
7f
0
0
0
0
c0
b9
a2
7f
0
0
0
0
d0
b9
a2
7f
0
0
0
0
e0
b9
a2
7f
0
0
0
0
0
0
0
0
0
0
0
0
0
0
0
0
0
0
0
0
0
0
0
0
0
0
0
0
0
0
0
0
0
0
0
0
0
0
0
0
0
0
0
0
0
0
0
0
0
0
0
0
0
0
0
0
0
0
0
0
0
0
0
0
0
0
0
8
25
53
f6
7f
0
0
0
0
0
0
0
0
0
0
0
0
0
0
0
0
0
0
0
1
0
0
0
0
0
0
0
0
0
0
0
0
0
0
0
0
0
0
0
0
0
0
0
0
0
0
0
0
0
0
0
0
0
0
0
0
0
0
0
0
0
0
0
0
0
0
0
0
0
0
0
0
0
0
0
0
0
0
0
0
0
0
0
0
0
0
0
0
0
0
0
0
0
0
0
0
0
0
0
0
0
0
0
0
0
0
0
0
0
0
0
0
0
0
0
0
0
0
0
0
0
0
0
0
0
0
0
0
0
0
0
0
0
0
0
0
0
0
0
0
0
0
0
0
0
0
0
0
0
0
0
0
0
0
0
0
0
0
0
0
0
0
0
0
0
0
0
0
0
0
0
0
0
0
0
0
0
0
0
0
0
0
0
0
0
0
0
0
0
0
0
0
0
0
0
0
0
0
0
0
0
0
0
0
0
0
0
0
0
0
0
0
0
0
0
0
0
0
0
0
0
0
0
0
0
0
0
0
0
0
0
0
0
0
0
0
0
0
0
0
0
0
0
50
1f
53
f6
7f
0
0
0
34
4a
b8
a2
7f
0
0
0
0
c0
b9
a2
7f
0
0
0
40
1b
b7
a2
7f
0
0
0
0
c0
b9
a2
7f
0
0
0
0
0
0
0
0
0
0
0
c0
1f
53
f6
7f
0
0
0
bc
13
b7
a2
7f
0
0
0
30
d0
b9
a2
7f
0
0
0
60
24
53
f6
7f
0
0
0
50
da
b9
a2
7f
0
0
0
f0
24
53
f6
7f
0
0
0
0
0
b7
a2
7f
0
0
0
b8
cc
b9
a2
7f
0
0
0
f0
1f
53
f6
7f
0
0
0
9c
87
b7
a2
7f
0
0
0
55
a9
a5
42
0
0
0
0
d8
20
53
f6
7f
0
0
0
58
3
b7
a2
7f
0
0
0
50
da
b9
a2
7f
0
0
0
0
c0
b9
a2
7f
0
0
0
37
2f
32
2b
33
2d
31
2a
37
38
2d
31
35
30
30
2a
36
0
53
f6
7f
0
0
0
d4
20
53
f6
7f
0
0
0
e0
a
b7
a2
7f
0
0
0
0
21
53
f6
7f
0
0
0
60
90
b7
a2
7f
0
0
0
55
a9
a5
42
0
0
0
0
88
97
b9
a2
7f
0
0
0
0
0
0
0
0
0
0
0
4c
21
7e
a2
7f
0
0
0
48
22
53
f6
7f
0
0
0
28
2
b9
a2
7f
0
0
0
1
0
0
0
0
0
0
0
30
94
b9
a2
7f
0
0
0
a0
21
53
f6
7f
0
0
0
1
0
0
0
0
0
0
0
0
0
0
0
0
0
0
0
0
0
0
0
0
0
0
0
6
0
0
0
0
0
0
0
5
0
0
0
0
0
0
0
0
0
0
0
0
0
0
0
e8
99
b9
a2
7f
0
0
0
a0
21
53
f6
7f
0
0
0
d8
20
53
f6
7f
0
0
0
d4
20
53
f6
7f
0
0
0
38
3d
7d
a2
7f
0
0
0
b0
21
53
f6
7f
0
0
0
4c
21
7e
a2
7f
0
0
0
28
2
b9
a2
7f
0
0
0
a5
96
a
1
0
0
0
0
98
3
b7
a2
7f
0
0
0
68
6
b7
a2
7f
0
0
0
0
c0
b9
a2
0
0
0
0
0
0
0
0
0
0
0
0
1
0
0
0
7f
0
0
0
0
0
0
0
0
0
0
0
1
0
0
0
7f
0
0
0
30
94
b9
a2
7f
0
0
0
10
22
53
f6
7f
0
0
0
d8
ce
b7
a2
7f
0
0
0
e0
6
b9
a2
7f
0
0
0
18
40
14
0
0
0
0
0
0
0
7d
a2
7f
0
0
0
c8
23
53
f6
7f
0
0
0
0
0
0
0
0
0
0
0
b
0
0
0
0
0
0
0
0
0
0
0
0
0
0
0
0
0
0
0
0
0
0
0
b0
21
53
f6
7f
0
0
0
9c
87
b7
a2
7f
0
0
0
2e
4e
3d
f6
0
0
0
0
98
22
53
f6
7f
0
0
0
9c
3a
7d
a2
7f
0
0
0
30
94
b9
a2
7f
0
0
0
0
c0
b9
a2
7f
0
0
0
0
0
0
0
0
0
0
0
30
94
b9
a2
7f
0
0
0
98
22
53
f6
7f
0
0
0
94
22
53
f6
7f
0
0
0
8
fd
9e
a2
7f
0
0
0
c0
22
53
f6
7f
0
0
0
60
90
b7
a2
7f
0
0
0
2e
4e
3d
f6
0
0
0
0
f0
e4
b9
a2
7f
0
0
0
0
0
0
0
0
0
0
0
c9
6
40
0
0
0
0
0
8
24
53
f6
7f
0
0
0
60
9a
b9
a2
7f
0
0
0
1
0
0
0
0
0
0
0
98
e1
b9
a2
7f
0
0
0
60
23
53
f6
7f
0
0
0
1
0
0
0
0
0
0
0
30
23
53
f6
7f
0
0
0
c0
36
b8
a2
7f
0
0
0
6
0
0
0
0
0
0
0
4
0
0
0
0
0
0
0
0
0
0
0
7f
0
0
0
e8
99
b9
a2
7f
0
0
0
60
23
53
f6
7f
0
0
0
98
22
53
f6
7f
0
0
0
94
22
53
f6
7f
0
0
0
8
4
40
0
0
0
0
0
70
23
53
f6
7f
0
0
0
c9
6
40
0
0
0
0
0
60
9a
b9
a2
7f
0
0
0
38
f5
d8
3
0
0
0
0
90
3c
7d
a2
7f
0
0
0
80
9
7e
a2
7f
0
0
0
10
27
0
0
0
0
0
0
0
0
0
0
0
0
0
0
1
0
0
0
7f
0
0
0
0
0
0
0
0
0
0
0
1
0
0
0
7f
0
0
0
98
e1
b9
a2
7f
0
0
0
d0
23
53
f6
7f
0
0
0
d8
ce
b7
a2
7f
0
0
0
e0
6
b9
a2
7f
0
0
0
8
c0
41
0
0
0
0
0
0
0
0
0
0
0
0
0
0
0
0
0
0
0
0
0
0
0
0
0
0
0
0
0
0
0
0
0
0
0
0
0
0
0
0
0
0
0
0
0
0
0
0
0
0
0
0
0
0
0
0
0
0
0
0
0
0
0
0
0
0
0
0
0
e0
23
53
f6
7f
0
0
0
bc
3b
84
a2
7f
0
0
0
98
49
91
a2
7f
0
0
0
0
1c
1
0
0
0
0
0
f8
24
53
f6
7f
0
0
0
f0
e4
b9
a2
7f
0
0
0
90
23
53
f6
7f
0
0
0
b0
9d
b
38
94
13
0
0
10
df
b7
a2
7f
0
0
0
0
0
0
0
0
0
0
0
80
23
53
f6
7f
0
0
0
88
75
40
0
0
0
0
0
c0
23
53
f6
7f
0
0
0
10
f3
7e
a2
7f
0
0
0
50
75
40
0
0
0
0
0
0
0
0
0
0
0
0
0
c0
23
53
f6
7f
0
0
0
2c
f3
7e
a2
7f
0
0
0
b0
9d
b
38
0
0
0
0
11
0
0
0
0
0
0
0
0
0
0
0
0
0
0
0
18
b
40
0
0
0
0
0
0
0
0
0
0
0
0
0
0
0
0
0
0
0
0
0
f0
a
40
0
0
0
0
0
0
0
0
0
0
0
0
0
f0
a
40
0
0
0
0
0
40
c
40
0
0
0
0
0
18
d5
a9
a2
1
0
0
0
f8
24
53
f6
7f
0
0
0
10
27
0
0
0
0
0
0
50
75
40
0
0
0
0
0
0
0
0
0
0
0
0
0
f0
a
40
0
0
0
0
0
0
0
0
0
0
0
0
0
0
0
0
0
0
0
0
0
0
0
0
0
0
0
0
0
0
0
0
0
0
0
0
0
0
0
0
0
0
0
0
0
0
0
0
0
0
0
0
0
0
0
0
0
0
0
0
0
c0
23
53
f6
7f
0
0
0
22
98
52
bc
bf
ff
3d
3c
0
0
0
0
0
0
0
0
ce
48
7f
e8
bf
ff
3d
3c
0
0
0
0
0
0
0
0
0
0
0
0
0
0
0
0
0
0
0
0
0
0
0
0
0
0
0
0
0
0
0
0
0
0
0
0
0
0
0
0
0
0
0
0
0
0
0
0
0
0
0
0
0
0
0
0
0
0
0
0
0
0
0
0
0
0
0
0
0
0
0
0
0
0
0
0
0
0
0
0
0
0
0
0
0
0
0
0
8
c0
41
0
0
0
0
0
18
b
40
0
0
0
0
0
1
0
0
0
0
0
0
0
54
2e
53
f6
7f
0
0
0
0
0
0
0
0
0
0
0
58
2e
53
f6
7f
0
0
0
69
2e
53
f6
7f
0
0
0
7d
2e
53
f6
7f
0
0
0
8d
2e
53
f6
7f
0
0
0
aa
2e
53
f6
7f
0
0
0
bd
2e
53
f6
7f
0
0
0
c7
2e
53
f6
7f
0
0
0
db
2e
53
f6
7f
0
0
0
1f
2f
53
f6
7f
0
0
0
65
2f
53
f6
7f
0
0
0
76
2f
53
f6
7f
0
0
0
7e
2f
53
f6
7f
0
0
0
89
2f
53
f6
7f
0
0
0
96
2f
53
f6
7f
0
0
0
c1
2f
53
f6
7f
0
0
0
dd
2f
53
f6
7f
0
0
0
e5
2f
53
f6
7f
0
0
0
0
0
0
0
0
0
0
0
21
0
0
0
0
0
0
0
0
b0
b9
a2
7f
0
0
0
10
0
0
0
0
0
0
0
ff
0
0
0
0
0
0
0
6
0
0
0
0
0
0
0
0
10
0
0
0
0
0
0
11
0
0
0
0
0
0
0
64
0
0
0
0
0
0
0
3
0
0
0
0
0
0
0
40
0
40
0
0
0
0
0
4
0
0
0
0
0
0
0
38
0
0
0
0
0
0
0
5
0
0
0
0
0
0
0
9
0
0
0
0
0
0
0
7
0
0
0
0
0
0
0
0
0
b7
a2
7f
0
0
0
8
0
0
0
0
0
0
0
0
0
0
0
0
0
0
0
9
0
0
0
0
0
0
0
f0
a
40
0
0
0
0
0
b
0
0
0
0
0
0
0
0
0
0
0
0
0
0
0
c
0
0
0
0
0
0
0
0
0
0
0
0
0
0
0
d
0
0
0
0
0
0
0
0
0
0
0
0
0
0
0
e
0
0
0
0
0
0
0
0
0
0
0
0
0
0
0
17
0
0
0
0
0
0
0
0
0
0
0
0
0
0
0
19
0
0
0
0
0
0
0
c8
26
53
f6
7f
0
0
0
1f
0
0
0
0
0
0
0
f2
2f
53
f6
7f
0
0
0
f
0
0
0
0
0
0
0
d8
26
53
f6
7f
0
0
0
0
0
0
0
0
0
0
0
0
0
0
0
0
0
0
0
cd
7d
78
16
11
15
79
55
e
6b
2c
1e
c0
ff
3d
3c
61
61
72
63
68
36
34
0
0
0
0
0
0
0
0
0
0
0
0
0
0
0
0
0
0
0
0
0
0
0
0
0
0
0
0
0
0
0
0
0
0
0
0
0
0
0
0
0
0
0
0
0
0
0
0
0
0
0
0
0
0
0
0
0
0
0
0
0
0
0
0
0
0
0
0
0
0
0
0
0
0
0
0
0
0
0
0
0
0
0
0
0
0
0
0
0
0
0
0
0
0
0
0
0
0
0
0
0
0
0
0
0
0
0
0
0
0
0
0
0
0
0
0
0
0
0
0
0
0
0
0
0
0
0
0
0
0
0
0
0
0
0
0
0
0
0
0
0
0
0
0
0
0
0
0
0
0
0
0
0
0
0
0
0
0
0
0
0
0
0
0
0
0
0
0
0
0
0
0
0
0
0
0
0
0
0
0
0
0
0
0
0
0
0
0
0
0
0
0
0
0
0
0
0
0
0
0
0
0
0
0
0
0
0
0
0
0
0
0
0
0
0
0
0
0
0
0
0
0
0
0
0
0
0
0
0
0
0
0
0
0
0
0
0
0
0
0
0
0
0
0
0
0
0
0
0
0
0
0
0
0
0
0
0
0
0
0
0
0
0
0
0
0
0
0
0
0
0
0
0
0
0
0
0
0
0
0
0
0
0
0
0
0
0
0
0
0
0
0
0
0
0
0
0
0
0
0
0
0
0
0
0
0
0
0
0
0
0
0
0
0
0
0
0
0
0
0
0
0
0
0
0
0
0
0
0
0
0
0
0
0
0
0
0
0
0
0
0
0
0
0
0
0
0
0
0
0
0
0
0
0
0
0
0
0
0
0
0
0
0
0
0
0
0
0
0
0
0
0
0
0
0
0
0
0
0
0
0
0
0
0
0
0
0
0
0
0
0
0
0
0
0
0
0
0
0
0
0
0
0
0
0
0
0
0
0
0
0
0
0
0
0
0
0
0
0
0
0
0
0
0
0
0
0
0
0
0
0
0
0
0
0
0
0
0
0
0
0
0
0
0
0
0
0
0
0
0
0
0
0
0
0
0
0
0
0
0
0
0
0
0
0
0
0
0
0
0
0
0
0
0
0
0
0
0
0
0
0
0
0
0
0
0
0
0
0
0
0
0
0
0
0
0
0
0
0
0
0
0
0
0
0
0
0
0
0
0
0
0
0
0
0
0
0
0
0
0
0
0
0
0
0
0
0
0
0
0
0
0
0
0
0
0
0
0
0
0
0
0
0
0
0
0
0
0
0
0
0
0
0
0
0
0
0
0
0
0
0
0
0
0
0
0
0
0
0
0
0
0
0
0
0
0
0
0
0
0
0
0
0
0
0
0
0
0
0
0
0
0
0
0
0
0
0
0
0
0
0
0
0
0
0
0
0
0
0
0
0
0
0
0
0
0
0
0
0
0
0
0
0
0
0
0
0
0
0
0
0
0
0
0
0
0
0
0
0
0
0
0
0
0
0
0
0
0
0
0
0
0
0
0
0
0
0
0
0
0
0
0
0
0
0
0
0
0
0
0
0
0
0
0
0
0
0
0
0
0
0
0
0
0
0
0
0
0
0
0
0
0
0
0
0
0
0
0
0
0
0
0
0
0
0
0
0
0
0
0
0
0
0
0
0
0
0
0
0
0
0
0
0
0
0
0
0
0
0
0
0
0
0
0
0
0
0
0
0
0
0
0
0
0
0
0
0
0
0
0
0
0
0
0
0
0
0
0
0
0
0
0
0
0
0
0
0
0
0
0
0
0
0
0
0
0
0
0
0
0
0
0
0
0
0
0
0
0
0
0
0
0
0
0
0
0
0
0
0
0
0
0
0
0
0
0
0
0
0
0
0
0
0
0
0
0
0
0
0
0
0
0
0
0
0
0
0
0
0
0
0
0
0
0
0
0
0
0
0
0
0
0
0
0
0
0
0
0
0
0
0
0
0
0
0
0
0
0
0
0
0
0
0
0
0
0
0
0
0
0
0
0
0
0
0
0
0
0
0
0
0
0
0
0
0
0
0
0
0
0
0
0
0
0
0
0
0
0
0
0
0
0
0
0
0
0
0
0
0
0
0
0
0
0
0
0
0
0
0
0
0
0
0
0
0
0
0
0
0
0
0
0
0
0
0
0
0
0
0
0
0
0
0
0
0
0
0
0
0
0
0
0
0
0
0
0
0
0
0
0
0
0
0
0
0
0
0
0
0
0
0
0
0
0
0
0
0
0
0
0
0
0
0
0
0
0
0
0
0
0
0
0
0
0
0
0
0
0
0
0
0
0
0
0
0
0
0
0
0
0
0
0
0
0
0
0
0
0
0
0
0
0
0
0
0
0
0
0
0
0
0
0
0
0
0
0
0
0
0
0
0
0
0
0
0
0
0
0
0
0
0
0
0
0
0
0
0
0
0
0
0
0
0
0
0
0
0
0
0
0
0
0
0
0
0
0
0
0
0
0
0
0
0
0
0
0
0
0
0
0
0
0
0
0
0
0
0
0
0
0
0
0
0
0
0
0
0
0
0
0
0
0
0
0
0
0
0
0
0
0
0
0
0
0
0
0
0
0
0
0
0
0
0
0
0
0
0
0
0
0
0
0
0
0
0
0
0
0
0
0
0
0
0
0
0
0
0
0
0
0
0
0
0
0
0
0
0
0
0
0
0
0
0
0
0
0
0
0
0
0
0
0
0
0
0
0
0
0
0
0
0
0
0
0
0
0
0
0
0
0
0
0
0
0
0
0
0
0
0
0
0
0
0
0
0
0
0
0
0
0
0
0
0
0
0
0
0
0
0
0
0
0
0
0
0
0
0
0
0
0
0
0
0
0
0
0
0
0
0
0
0
0
0
0
0
0
0
0
0
0
0
0
0
0
0
0
0
0
0
0
0
0
0
0
0
0
0
0
0
0
0
0
0
0
0
0
0
0
0
0
0
0
0
0
0
0
0
0
0
0
0
0
0
0
0
0
0
0
0
0
0
0
0
0
0
0
0
0
0
0
0
0
0
0
0
0
0
0
0
0
0
0
0
0
0
0
0
0
0
0
0
0
0
0
0
0
0
0
0
0
0
0
0
0
0
0
0
0
0
0
0
0
0
0
0
0
0
0
0
0
0
0
0
0
0
0
0
0
0
0
0
0
0
0
0
0
0
0
0
0
0
0
0
0
0
0
0
0
0
0
0
0
0
0
0
0
0
0
0
0
0
0
0
0
0
0
0
0
0
0
0
0
0
0
